avg_accs: {
    "k_off": {
        "eval_0": 36.89166633605957,
        "eval_1": 70.75,
        "eval_2": 73.6,
        "eval_3": 79.2,
        "eval_4": 83.05
    },
    "k_on": {
        "eval_0": 58.43333320617677,
        "eval_1": 82.05,
        "eval_2": 79.75,
        "eval_3": 80.05,
        "eval_4": 81.05
    }
}composite_accs: {
    "k_off": {
        "T0": [
            60.44166687011719,
            "-",
            60.44166687011719
        ],
        "T1": [
            70.9333332824707,
            58.116666564941404,
            83.75
        ],
        "T2": [
            72.7527778116862,
            67.4291667175293,
            83.4
        ],
        "T3": [
            71.25625000953674,
            67.22500001271565,
            83.35
        ],
        "T4": [
            68.69833326721191,
            65.11041658401489,
            83.05
        ]
    },
    "k_on": {
        "T0": [
            60.024999923706055,
            "-",
            60.024999923706055
        ],
        "T1": [
            71.39583324432373,
            58.04166648864746,
            84.75
        ],
        "T2": [
            74.59444445292155,
            70.56666667938232,
            82.65
        ],
        "T3": [
            75.84999994277955,
            73.69999992370606,
            82.3
        ],
        "T4": [
            76.26666664123535,
            75.07083330154418,
            81.05
        ]
    }
}confidence_intervals: {
    "k_off": {
        "eval_0": [
            35.04999968910217,
            38.74999969673156
        ],
        "eval_1": [
            68.0,
            73.9
        ],
        "eval_2": [
            67.95,
            79.45
        ],
        "eval_3": [
            74.2,
            83.25
        ],
        "eval_4": [
            80.2,
            85.95124999999999
        ]
    },
    "k_on": {
        "eval_0": [
            56.9583333568573,
            59.875208251953126
        ],
        "eval_1": [
            79.6,
            84.5
        ],
        "eval_2": [
            76.55,
            82.8
        ],
        "eval_3": [
            75.6,
            83.4
        ],
        "eval_4": [
            77.3,
            84.25
        ]
    }
}bwt: {
    "k_off": [
        null,
        -2.3250003051757844,
        -4.666666717529296,
        -8.638888943990073,
        -12.625000133514405
    ],
    "k_on": [
        null,
        -1.9833334350585972,
        -1.820833282470705,
        -2.1083333841959635,
        -2.360416679382327
    ]
}im: {
    "k_off": [
        null,
        -25.850000076293945,
        -25.906250000000007,
        -26.105555725097652,
        -24.614999999999995
    ],
    "k_on": [
        null,
        -26.221428833007813,
        -25.825000000000003,
        -27.36111091613769,
        -26.324999999999996
    ]
}fwt: {}fm: {
    "k_off": [
        null,
        2.3250003051757844,
        1.1499999999999986,
        1.2166666666666686,
        1.0374999999999979
    ],
    "k_on": [
        null,
        1.9833334350585972,
        0.875,
        0.9000000000000009,
        0.5625
    ]
}Accuracy Matrix: {
    "k_off": [
        [
            60.44166687011719,
            18.9,
            19.1,
            19.75,
            17.95
        ],
        [
            58.116666564941404,
            83.75,
            19.3,
            17.65,
            17.2
        ],
        [
            53.408333435058594,
            81.45,
            83.4,
            17.85,
            18.4
        ],
        [
            44.22500003814697,
            77.7,
            79.75,
            83.35,
            18.35
        ],
        [
            36.89166633605957,
            70.75,
            73.6,
            79.2,
            83.05
        ]
    ],
    "k_on": [
        [
            60.024999923706055,
            20.7,
            20.55,
            19.95,
            15.9
        ],
        [
            58.04166648864746,
            84.75,
            21.0,
            18.9,
            14.35
        ],
        [
            58.133333358764645,
            83.0,
            82.65,
            19.55,
            15.3
        ],
        [
            58.449999771118165,
            82.7,
            79.95,
            82.3,
            16.15
        ],
        [
            58.433333206176755,
            82.05,
            79.75,
            80.05,
            81.05
        ]
    ]
}report: {
    "k_off": {
        "eval_0": [
            39.666665649414064,
            33.33333282470703,
            38.83333282470703,
            36.99999923706055,
            38.333333587646486,
            37.0,
            31.666666412353514,
            35.33333282470703,
            35.333333587646486,
            42.416666412353514
        ],
        "eval_1": [
            71.0,
            77.5,
            75.5,
            66.5,
            79.5,
            70.5,
            67.5,
            67.5,
            66.5,
            65.5
        ],
        "eval_2": [
            68.5,
            89.0,
            71.0,
            87.5,
            81.5,
            70.0,
            61.5,
            69.5,
            61.5,
            76.0
        ],
        "eval_3": [
            74.5,
            84.0,
            84.5,
            61.5,
            86.0,
            78.0,
            75.5,
            85.0,
            85.0,
            78.0
        ],
        "eval_4": [
            77.5,
            81.0,
            82.5,
            89.5,
            84.5,
            90.5,
            86.5,
            78.0,
            76.5,
            84.0
        ],
        "accuracy_matrix": {
            "T0": [
                [
                    61.66666793823242,
                    59.16666793823242,
                    62.08333206176758,
                    50.41666793823242,
                    40.83333206176758
                ],
                [
                    63.75,
                    57.91666793823242,
                    62.5,
                    55.41666793823242,
                    48.33333206176758
                ],
                [
                    65.83333587646484,
                    63.75,
                    62.08333206176758,
                    51.66666793823242,
                    31.25
                ],
                [
                    62.91666793823242,
                    57.08333206176758,
                    58.33333206176758,
                    40.0,
                    35.83333206176758
                ],
                [
                    58.75,
                    60.41666793823242,
                    57.91666793823242,
                    51.25,
                    42.08333206176758
                ],
                [
                    56.66666793823242,
                    57.08333206176758,
                    50.83333206176758,
                    37.91666793823242,
                    40.0
                ],
                [
                    56.25,
                    57.08333206176758,
                    50.41666793823242,
                    32.5,
                    29.58333396911621
                ],
                [
                    65.41666412353516,
                    64.16666412353516,
                    56.25,
                    40.83333206176758,
                    33.33333206176758
                ],
                [
                    56.25,
                    51.25,
                    45.41666793823242,
                    38.33333206176758,
                    33.33333206176758
                ],
                [
                    58.75,
                    57.91666793823242,
                    57.91666793823242,
                    34.16666793823242,
                    30.41666603088379
                ],
                [
                    57.5,
                    59.58333206176758,
                    56.66666793823242,
                    48.33333206176758,
                    42.08333206176758
                ],
                [
                    56.25,
                    55.83333206176758,
                    50.83333206176758,
                    42.08333206176758,
                    35.41666793823242
                ],
                [
                    64.58333587646484,
                    64.58333587646484,
                    57.5,
                    47.08333206176758,
                    39.58333206176758
                ],
                [
                    65.0,
                    62.08333206176758,
                    57.5,
                    41.66666793823242,
                    37.08333206176758
                ],
                [
                    56.25,
                    56.66666793823242,
                    56.66666793823242,
                    50.0,
                    40.0
                ],
                [
                    62.08333206176758,
                    57.08333206176758,
                    54.58333206176758,
                    53.75,
                    42.08333206176758
                ],
                [
                    57.91666793823242,
                    58.33333206176758,
                    54.58333206176758,
                    52.5,
                    31.25
                ],
                [
                    63.33333206176758,
                    60.83333206176758,
                    60.41666793823242,
                    51.66666793823242,
                    40.0
                ],
                [
                    63.75,
                    62.91666793823242,
                    62.5,
                    52.91666793823242,
                    35.83333206176758
                ],
                [
                    62.5,
                    60.41666793823242,
                    58.75,
                    45.41666793823242,
                    35.83333206176758
                ],
                [
                    51.25,
                    51.66666793823242,
                    50.83333206176758,
                    44.16666793823242,
                    38.75
                ],
                [
                    65.41666412353516,
                    60.41666793823242,
                    55.41666793823242,
                    45.83333206176758,
                    40.83333206176758
                ],
                [
                    62.91666793823242,
                    60.41666793823242,
                    54.58333206176758,
                    47.5,
                    36.25
                ],
                [
                    55.0,
                    44.58333206176758,
                    44.58333206176758,
                    37.08333206176758,
                    39.16666793823242
                ],
                [
                    55.41666793823242,
                    55.0,
                    50.0,
                    38.33333206176758,
                    36.66666793823242
                ],
                [
                    58.33333206176758,
                    58.75,
                    52.91666793823242,
                    50.41666793823242,
                    38.33333206176758
                ],
                [
                    58.33333206176758,
                    56.25,
                    45.41666793823242,
                    31.66666603088379,
                    27.5
                ],
                [
                    61.66666793823242,
                    63.75,
                    52.5,
                    40.41666793823242,
                    37.91666793823242
                ],
                [
                    59.58333206176758,
                    59.58333206176758,
                    49.58333206176758,
                    33.75,
                    33.75
                ],
                [
                    61.25,
                    62.08333206176758,
                    59.16666793823242,
                    50.83333206176758,
                    47.5
                ],
                [
                    52.5,
                    50.41666793823242,
                    48.75,
                    31.25,
                    33.33333206176758
                ],
                [
                    63.75,
                    55.83333206176758,
                    55.41666793823242,
                    50.41666793823242,
                    26.66666603088379
                ],
                [
                    64.58333587646484,
                    58.75,
                    53.33333206176758,
                    39.58333206176758,
                    33.33333206176758
                ],
                [
                    56.66666793823242,
                    56.25,
                    51.66666793823242,
                    45.83333206176758,
                    27.08333396911621
                ],
                [
                    59.16666793823242,
                    45.83333206176758,
                    58.33333206176758,
                    37.08333206176758,
                    37.91666793823242
                ],
                [
                    53.75,
                    49.16666793823242,
                    45.83333206176758,
                    48.33333206176758,
                    35.83333206176758
                ],
                [
                    58.33333206176758,
                    57.5,
                    45.41666793823242,
                    36.66666793823242,
                    35.83333206176758
                ],
                [
                    61.66666793823242,
                    58.33333206176758,
                    47.91666793823242,
                    40.83333206176758,
                    32.91666793823242
                ],
                [
                    57.08333206176758,
                    52.08333206176758,
                    42.5,
                    40.83333206176758,
                    33.75
                ],
                [
                    62.5,
                    60.0,
                    47.91666793823242,
                    44.16666793823242,
                    38.33333206176758
                ],
                [
                    61.25,
                    57.08333206176758,
                    44.16666793823242,
                    46.25,
                    30.41666603088379
                ],
                [
                    62.5,
                    57.08333206176758,
                    52.91666793823242,
                    49.58333206176758,
                    35.0
                ],
                [
                    64.58333587646484,
                    63.33333206176758,
                    55.41666793823242,
                    46.66666793823242,
                    44.16666793823242
                ],
                [
                    62.08333206176758,
                    54.16666793823242,
                    41.66666793823242,
                    45.83333206176758,
                    28.33333396911621
                ],
                [
                    59.58333206176758,
                    57.91666793823242,
                    52.5,
                    41.66666793823242,
                    38.75
                ],
                [
                    61.66666793823242,
                    61.25,
                    52.5,
                    41.66666793823242,
                    38.75
                ],
                [
                    60.0,
                    60.83333206176758,
                    58.75,
                    59.58333206176758,
                    56.66666793823242
                ],
                [
                    67.08333587646484,
                    68.33333587646484,
                    62.08333206176758,
                    47.91666793823242,
                    42.08333206176758
                ],
                [
                    66.25,
                    65.0,
                    55.83333206176758,
                    45.0,
                    42.08333206176758
                ],
                [
                    62.5,
                    60.0,
                    48.75,
                    34.16666793823242,
                    32.5
                ]
            ],
            "T1": [
                [
                    22.5,
                    85.0,
                    82.5,
                    75.0,
                    75.0
                ],
                [
                    20.0,
                    85.0,
                    87.5,
                    82.5,
                    82.5
                ],
                [
                    10.0,
                    92.5,
                    87.5,
                    87.5,
                    72.5
                ],
                [
                    20.0,
                    82.5,
                    80.0,
                    65.0,
                    65.0
                ],
                [
                    17.5,
                    75.0,
                    75.0,
                    70.0,
                    60.0
                ],
                [
                    20.0,
                    87.5,
                    85.0,
                    85.0,
                    87.5
                ],
                [
                    22.5,
                    82.5,
                    85.0,
                    82.5,
                    82.5
                ],
                [
                    7.5,
                    87.5,
                    87.5,
                    67.5,
                    75.0
                ],
                [
                    25.0,
                    67.5,
                    60.0,
                    60.0,
                    72.5
                ],
                [
                    20.0,
                    85.0,
                    72.5,
                    77.5,
                    70.0
                ],
                [
                    22.5,
                    80.0,
                    77.5,
                    75.0,
                    75.0
                ],
                [
                    15.0,
                    80.0,
                    87.5,
                    85.0,
                    72.5
                ],
                [
                    25.0,
                    87.5,
                    92.5,
                    90.0,
                    75.0
                ],
                [
                    35.0,
                    95.0,
                    97.5,
                    85.0,
                    80.0
                ],
                [
                    17.5,
                    87.5,
                    92.5,
                    87.5,
                    75.0
                ],
                [
                    17.5,
                    85.0,
                    72.5,
                    72.5,
                    67.5
                ],
                [
                    12.5,
                    70.0,
                    67.5,
                    67.5,
                    47.5
                ],
                [
                    17.5,
                    95.0,
                    95.0,
                    77.5,
                    65.0
                ],
                [
                    12.5,
                    92.5,
                    92.5,
                    77.5,
                    75.0
                ],
                [
                    17.5,
                    95.0,
                    92.5,
                    90.0,
                    77.5
                ],
                [
                    22.5,
                    92.5,
                    85.0,
                    82.5,
                    80.0
                ],
                [
                    10.0,
                    92.5,
                    95.0,
                    95.0,
                    87.5
                ],
                [
                    2.5,
                    87.5,
                    85.0,
                    75.0,
                    57.5
                ],
                [
                    27.5,
                    92.5,
                    95.0,
                    90.0,
                    92.5
                ],
                [
                    20.0,
                    85.0,
                    82.5,
                    85.0,
                    80.0
                ],
                [
                    22.5,
                    80.0,
                    80.0,
                    77.5,
                    57.5
                ],
                [
                    27.5,
                    87.5,
                    87.5,
                    85.0,
                    67.5
                ],
                [
                    15.0,
                    92.5,
                    92.5,
                    90.0,
                    90.0
                ],
                [
                    25.0,
                    87.5,
                    90.0,
                    92.5,
                    72.5
                ],
                [
                    17.5,
                    60.0,
                    62.5,
                    70.0,
                    65.0
                ],
                [
                    20.0,
                    80.0,
                    77.5,
                    75.0,
                    75.0
                ],
                [
                    25.0,
                    77.5,
                    72.5,
                    65.0,
                    55.0
                ],
                [
                    22.5,
                    80.0,
                    72.5,
                    77.5,
                    75.0
                ],
                [
                    17.5,
                    77.5,
                    80.0,
                    80.0,
                    67.5
                ],
                [
                    20.0,
                    72.5,
                    80.0,
                    70.0,
                    65.0
                ],
                [
                    20.0,
                    87.5,
                    80.0,
                    82.5,
                    65.0
                ],
                [
                    7.5,
                    87.5,
                    85.0,
                    85.0,
                    75.0
                ],
                [
                    17.5,
                    82.5,
                    85.0,
                    82.5,
                    67.5
                ],
                [
                    12.5,
                    92.5,
                    87.5,
                    85.0,
                    65.0
                ],
                [
                    15.0,
                    82.5,
                    77.5,
                    72.5,
                    65.0
                ],
                [
                    17.5,
                    85.0,
                    80.0,
                    92.5,
                    90.0
                ],
                [
                    20.0,
                    72.5,
                    70.0,
                    52.5,
                    55.0
                ],
                [
                    20.0,
                    82.5,
                    70.0,
                    62.5,
                    62.5
                ],
                [
                    22.5,
                    70.0,
                    75.0,
                    67.5,
                    55.0
                ],
                [
                    20.0,
                    95.0,
                    87.5,
                    72.5,
                    70.0
                ],
                [
                    20.0,
                    82.5,
                    77.5,
                    80.0,
                    70.0
                ],
                [
                    22.5,
                    72.5,
                    67.5,
                    67.5,
                    65.0
                ],
                [
                    22.5,
                    82.5,
                    70.0,
                    65.0,
                    60.0
                ],
                [
                    15.0,
                    82.5,
                    65.0,
                    60.0,
                    47.5
                ],
                [
                    20.0,
                    87.5,
                    87.5,
                    87.5,
                    85.0
                ]
            ],
            "T2": [
                [
                    20.0,
                    27.5,
                    82.5,
                    87.5,
                    82.5
                ],
                [
                    25.0,
                    30.0,
                    72.5,
                    62.5,
                    60.0
                ],
                [
                    20.0,
                    20.0,
                    92.5,
                    85.0,
                    62.5
                ],
                [
                    22.5,
                    17.5,
                    85.0,
                    75.0,
                    70.0
                ],
                [
                    30.0,
                    32.5,
                    75.0,
                    72.5,
                    67.5
                ],
                [
                    20.0,
                    20.0,
                    82.5,
                    77.5,
                    85.0
                ],
                [
                    17.5,
                    15.0,
                    97.5,
                    95.0,
                    97.5
                ],
                [
                    15.0,
                    12.5,
                    90.0,
                    95.0,
                    95.0
                ],
                [
                    20.0,
                    20.0,
                    85.0,
                    82.5,
                    77.5
                ],
                [
                    20.0,
                    20.0,
                    90.0,
                    90.0,
                    90.0
                ],
                [
                    22.5,
                    22.5,
                    85.0,
                    75.0,
                    70.0
                ],
                [
                    15.0,
                    10.0,
                    87.5,
                    80.0,
                    77.5
                ],
                [
                    17.5,
                    22.5,
                    80.0,
                    85.0,
                    70.0
                ],
                [
                    15.0,
                    15.0,
                    70.0,
                    60.0,
                    57.5
                ],
                [
                    20.0,
                    20.0,
                    92.5,
                    90.0,
                    80.0
                ],
                [
                    17.5,
                    17.5,
                    95.0,
                    95.0,
                    87.5
                ],
                [
                    17.5,
                    20.0,
                    90.0,
                    87.5,
                    92.5
                ],
                [
                    10.0,
                    10.0,
                    77.5,
                    77.5,
                    75.0
                ],
                [
                    20.0,
                    22.5,
                    87.5,
                    90.0,
                    90.0
                ],
                [
                    12.5,
                    10.0,
                    87.5,
                    87.5,
                    92.5
                ],
                [
                    22.5,
                    22.5,
                    90.0,
                    90.0,
                    85.0
                ],
                [
                    20.0,
                    27.5,
                    80.0,
                    87.5,
                    80.0
                ],
                [
                    17.5,
                    15.0,
                    90.0,
                    85.0,
                    67.5
                ],
                [
                    20.0,
                    17.5,
                    95.0,
                    87.5,
                    87.5
                ],
                [
                    17.5,
                    20.0,
                    85.0,
                    92.5,
                    87.5
                ],
                [
                    25.0,
                    22.5,
                    95.0,
                    95.0,
                    90.0
                ],
                [
                    15.0,
                    22.5,
                    80.0,
                    77.5,
                    62.5
                ],
                [
                    32.5,
                    35.0,
                    77.5,
                    65.0,
                    55.0
                ],
                [
                    22.5,
                    20.0,
                    85.0,
                    77.5,
                    77.5
                ],
                [
                    15.0,
                    15.0,
                    77.5,
                    80.0,
                    65.0
                ],
                [
                    17.5,
                    17.5,
                    65.0,
                    60.0,
                    62.5
                ],
                [
                    17.5,
                    20.0,
                    82.5,
                    85.0,
                    47.5
                ],
                [
                    17.5,
                    22.5,
                    82.5,
                    80.0,
                    77.5
                ],
                [
                    15.0,
                    15.0,
                    82.5,
                    70.0,
                    50.0
                ],
                [
                    17.5,
                    20.0,
                    90.0,
                    67.5,
                    70.0
                ],
                [
                    20.0,
                    20.0,
                    75.0,
                    70.0,
                    57.5
                ],
                [
                    20.0,
                    17.5,
                    72.5,
                    60.0,
                    60.0
                ],
                [
                    20.0,
                    17.5,
                    80.0,
                    75.0,
                    75.0
                ],
                [
                    20.0,
                    20.0,
                    77.5,
                    72.5,
                    75.0
                ],
                [
                    17.5,
                    17.5,
                    90.0,
                    90.0,
                    80.0
                ],
                [
                    15.0,
                    15.0,
                    80.0,
                    72.5,
                    47.5
                ],
                [
                    27.5,
                    22.5,
                    85.0,
                    75.0,
                    65.0
                ],
                [
                    20.0,
                    17.5,
                    95.0,
                    70.0,
                    72.5
                ],
                [
                    17.5,
                    20.0,
                    72.5,
                    75.0,
                    52.5
                ],
                [
                    25.0,
                    22.5,
                    70.0,
                    67.5,
                    70.0
                ],
                [
                    20.0,
                    20.0,
                    85.0,
                    95.0,
                    82.5
                ],
                [
                    20.0,
                    17.5,
                    80.0,
                    75.0,
                    72.5
                ],
                [
                    17.5,
                    17.5,
                    77.5,
                    67.5,
                    55.0
                ],
                [
                    17.5,
                    20.0,
                    85.0,
                    85.0,
                    82.5
                ],
                [
                    7.5,
                    2.5,
                    82.5,
                    87.5,
                    87.5
                ]
            ],
            "T3": [
                [
                    22.5,
                    20.0,
                    20.0,
                    80.0,
                    70.0
                ],
                [
                    20.0,
                    20.0,
                    20.0,
                    90.0,
                    82.5
                ],
                [
                    17.5,
                    12.5,
                    12.5,
                    80.0,
                    62.5
                ],
                [
                    12.5,
                    7.5,
                    12.5,
                    92.5,
                    90.0
                ],
                [
                    7.5,
                    2.5,
                    2.5,
                    75.0,
                    67.5
                ],
                [
                    12.5,
                    15.0,
                    10.0,
                    90.0,
                    80.0
                ],
                [
                    12.5,
                    12.5,
                    10.0,
                    95.0,
                    95.0
                ],
                [
                    7.5,
                    10.0,
                    2.5,
                    87.5,
                    87.5
                ],
                [
                    22.5,
                    25.0,
                    20.0,
                    80.0,
                    77.5
                ],
                [
                    17.5,
                    20.0,
                    20.0,
                    82.5,
                    80.0
                ],
                [
                    27.5,
                    27.5,
                    27.5,
                    92.5,
                    87.5
                ],
                [
                    12.5,
                    12.5,
                    12.5,
                    85.0,
                    80.0
                ],
                [
                    10.0,
                    7.5,
                    15.0,
                    80.0,
                    80.0
                ],
                [
                    35.0,
                    35.0,
                    40.0,
                    95.0,
                    90.0
                ],
                [
                    17.5,
                    15.0,
                    15.0,
                    90.0,
                    85.0
                ],
                [
                    12.5,
                    7.5,
                    10.0,
                    70.0,
                    47.5
                ],
                [
                    30.0,
                    32.5,
                    27.5,
                    87.5,
                    72.5
                ],
                [
                    32.5,
                    20.0,
                    25.0,
                    90.0,
                    77.5
                ],
                [
                    12.5,
                    5.0,
                    0.0,
                    80.0,
                    65.0
                ],
                [
                    17.5,
                    17.5,
                    20.0,
                    57.5,
                    45.0
                ],
                [
                    17.5,
                    12.5,
                    10.0,
                    90.0,
                    85.0
                ],
                [
                    20.0,
                    20.0,
                    17.5,
                    72.5,
                    75.0
                ],
                [
                    15.0,
                    7.5,
                    2.5,
                    90.0,
                    92.5
                ],
                [
                    15.0,
                    17.5,
                    20.0,
                    80.0,
                    82.5
                ],
                [
                    20.0,
                    17.5,
                    15.0,
                    95.0,
                    95.0
                ],
                [
                    20.0,
                    12.5,
                    15.0,
                    72.5,
                    67.5
                ],
                [
                    12.5,
                    17.5,
                    20.0,
                    77.5,
                    70.0
                ],
                [
                    22.5,
                    22.5,
                    25.0,
                    82.5,
                    75.0
                ],
                [
                    15.0,
                    7.5,
                    10.0,
                    87.5,
                    90.0
                ],
                [
                    20.0,
                    27.5,
                    22.5,
                    85.0,
                    87.5
                ],
                [
                    20.0,
                    20.0,
                    22.5,
                    77.5,
                    75.0
                ],
                [
                    30.0,
                    27.5,
                    25.0,
                    72.5,
                    70.0
                ],
                [
                    20.0,
                    20.0,
                    20.0,
                    77.5,
                    82.5
                ],
                [
                    22.5,
                    17.5,
                    22.5,
                    87.5,
                    72.5
                ],
                [
                    30.0,
                    20.0,
                    22.5,
                    77.5,
                    77.5
                ],
                [
                    25.0,
                    25.0,
                    25.0,
                    85.0,
                    90.0
                ],
                [
                    22.5,
                    17.5,
                    15.0,
                    77.5,
                    77.5
                ],
                [
                    30.0,
                    27.5,
                    17.5,
                    85.0,
                    85.0
                ],
                [
                    22.5,
                    17.5,
                    17.5,
                    90.0,
                    82.5
                ],
                [
                    22.5,
                    22.5,
                    20.0,
                    85.0,
                    90.0
                ],
                [
                    17.5,
                    20.0,
                    17.5,
                    82.5,
                    80.0
                ],
                [
                    5.0,
                    2.5,
                    12.5,
                    85.0,
                    85.0
                ],
                [
                    15.0,
                    12.5,
                    17.5,
                    95.0,
                    87.5
                ],
                [
                    15.0,
                    5.0,
                    10.0,
                    90.0,
                    82.5
                ],
                [
                    27.5,
                    20.0,
                    17.5,
                    87.5,
                    90.0
                ],
                [
                    22.5,
                    27.5,
                    22.5,
                    75.0,
                    75.0
                ],
                [
                    20.0,
                    17.5,
                    22.5,
                    77.5,
                    75.0
                ],
                [
                    32.5,
                    30.0,
                    27.5,
                    95.0,
                    92.5
                ],
                [
                    25.0,
                    25.0,
                    30.0,
                    80.0,
                    80.0
                ],
                [
                    25.0,
                    20.0,
                    27.5,
                    72.5,
                    67.5
                ]
            ],
            "T4": [
                [
                    10.0,
                    7.5,
                    10.0,
                    17.5,
                    75.0
                ],
                [
                    20.0,
                    22.5,
                    17.5,
                    20.0,
                    57.5
                ],
                [
                    12.5,
                    7.5,
                    17.5,
                    25.0,
                    87.5
                ],
                [
                    15.0,
                    10.0,
                    12.5,
                    17.5,
                    87.5
                ],
                [
                    15.0,
                    10.0,
                    10.0,
                    12.5,
                    80.0
                ],
                [
                    20.0,
                    17.5,
                    20.0,
                    22.5,
                    82.5
                ],
                [
                    22.5,
                    20.0,
                    22.5,
                    12.5,
                    67.5
                ],
                [
                    17.5,
                    17.5,
                    25.0,
                    30.0,
                    82.5
                ],
                [
                    22.5,
                    22.5,
                    25.0,
                    27.5,
                    82.5
                ],
                [
                    20.0,
                    17.5,
                    20.0,
                    22.5,
                    90.0
                ],
                [
                    22.5,
                    25.0,
                    25.0,
                    35.0,
                    90.0
                ],
                [
                    15.0,
                    12.5,
                    15.0,
                    7.5,
                    77.5
                ],
                [
                    12.5,
                    15.0,
                    15.0,
                    15.0,
                    85.0
                ],
                [
                    20.0,
                    25.0,
                    32.5,
                    27.5,
                    85.0
                ],
                [
                    20.0,
                    17.5,
                    20.0,
                    20.0,
                    75.0
                ],
                [
                    25.0,
                    22.5,
                    27.5,
                    27.5,
                    92.5
                ],
                [
                    17.5,
                    22.5,
                    22.5,
                    20.0,
                    87.5
                ],
                [
                    20.0,
                    15.0,
                    12.5,
                    22.5,
                    82.5
                ],
                [
                    20.0,
                    12.5,
                    15.0,
                    10.0,
                    92.5
                ],
                [
                    22.5,
                    22.5,
                    22.5,
                    30.0,
                    92.5
                ],
                [
                    17.5,
                    15.0,
                    7.5,
                    7.5,
                    82.5
                ],
                [
                    17.5,
                    17.5,
                    20.0,
                    25.0,
                    90.0
                ],
                [
                    22.5,
                    27.5,
                    22.5,
                    27.5,
                    85.0
                ],
                [
                    15.0,
                    15.0,
                    20.0,
                    15.0,
                    80.0
                ],
                [
                    20.0,
                    17.5,
                    17.5,
                    30.0,
                    85.0
                ],
                [
                    20.0,
                    22.5,
                    22.5,
                    22.5,
                    87.5
                ],
                [
                    20.0,
                    25.0,
                    17.5,
                    10.0,
                    97.5
                ],
                [
                    17.5,
                    15.0,
                    12.5,
                    15.0,
                    87.5
                ],
                [
                    15.0,
                    17.5,
                    15.0,
                    15.0,
                    92.5
                ],
                [
                    20.0,
                    20.0,
                    20.0,
                    20.0,
                    87.5
                ],
                [
                    7.5,
                    7.5,
                    10.0,
                    0.0,
                    90.0
                ],
                [
                    20.0,
                    22.5,
                    22.5,
                    22.5,
                    72.5
                ],
                [
                    32.5,
                    22.5,
                    20.0,
                    12.5,
                    87.5
                ],
                [
                    22.5,
                    20.0,
                    25.0,
                    15.0,
                    87.5
                ],
                [
                    30.0,
                    27.5,
                    27.5,
                    22.5,
                    95.0
                ],
                [
                    12.5,
                    10.0,
                    10.0,
                    10.0,
                    75.0
                ],
                [
                    17.5,
                    17.5,
                    17.5,
                    17.5,
                    85.0
                ],
                [
                    15.0,
                    10.0,
                    12.5,
                    10.0,
                    80.0
                ],
                [
                    17.5,
                    17.5,
                    17.5,
                    15.0,
                    82.5
                ],
                [
                    17.5,
                    17.5,
                    20.0,
                    17.5,
                    67.5
                ],
                [
                    27.5,
                    25.0,
                    30.0,
                    30.0,
                    70.0
                ],
                [
                    10.0,
                    20.0,
                    22.5,
                    20.0,
                    82.5
                ],
                [
                    17.5,
                    15.0,
                    17.5,
                    17.5,
                    80.0
                ],
                [
                    22.5,
                    22.5,
                    25.0,
                    27.5,
                    77.5
                ],
                [
                    15.0,
                    17.5,
                    20.0,
                    17.5,
                    72.5
                ],
                [
                    15.0,
                    10.0,
                    10.0,
                    5.0,
                    85.0
                ],
                [
                    10.0,
                    15.0,
                    7.5,
                    10.0,
                    87.5
                ],
                [
                    22.5,
                    20.0,
                    22.5,
                    15.0,
                    77.5
                ],
                [
                    2.5,
                    5.0,
                    10.0,
                    17.5,
                    87.5
                ],
                [
                    7.5,
                    2.5,
                    10.0,
                    5.0,
                    82.5
                ]
            ]
        },
        "joint": [
            57.899999923706055,
            57.49375,
            57.24444427490234,
            58.435
        ]
    },
    "k_on": {
        "eval_0": [
            59.416666412353514,
            62.0,
            59.58333282470703,
            56.666665649414064,
            61.66666717529297,
            58.083333587646486,
            57.08333282470703,
            53.5,
            57.75,
            58.583333587646486
        ],
        "eval_1": [
            75.5,
            80.0,
            87.0,
            87.5,
            80.0,
            86.0,
            82.0,
            85.5,
            79.5,
            77.5
        ],
        "eval_2": [
            76.5,
            84.0,
            82.5,
            70.5,
            74.5,
            76.5,
            88.0,
            84.0,
            81.5,
            79.5
        ],
        "eval_3": [
            73.5,
            81.0,
            64.0,
            84.5,
            82.0,
            84.5,
            84.0,
            85.5,
            82.5,
            79.0
        ],
        "eval_4": [
            81.5,
            82.0,
            84.5,
            83.0,
            67.5,
            82.0,
            83.5,
            81.0,
            90.0,
            75.5
        ],
        "accuracy_matrix": {
            "T0": [
                [
                    58.33333206176758,
                    50.83333206176758,
                    56.66666793823242,
                    54.58333206176758,
                    56.25
                ],
                [
                    60.0,
                    55.41666793823242,
                    58.75,
                    60.0,
                    61.66666793823242
                ],
                [
                    67.08333587646484,
                    55.0,
                    64.16666412353516,
                    59.58333206176758,
                    64.16666412353516
                ],
                [
                    57.91666793823242,
                    54.58333206176758,
                    54.58333206176758,
                    57.08333206176758,
                    56.66666793823242
                ],
                [
                    60.0,
                    50.41666793823242,
                    61.25,
                    54.58333206176758,
                    58.33333206176758
                ],
                [
                    65.83333587646484,
                    63.75,
                    61.66666793823242,
                    63.33333206176758,
                    63.75
                ],
                [
                    62.5,
                    65.0,
                    62.5,
                    63.33333206176758,
                    60.0
                ],
                [
                    65.41666412353516,
                    61.66666793823242,
                    64.58333587646484,
                    64.16666412353516,
                    64.58333587646484
                ],
                [
                    66.66666412353516,
                    66.66666412353516,
                    64.16666412353516,
                    66.66666412353516,
                    62.08333206176758
                ],
                [
                    59.58333206176758,
                    58.33333206176758,
                    58.75,
                    58.75,
                    59.58333206176758
                ],
                [
                    60.0,
                    57.08333206176758,
                    57.08333206176758,
                    56.66666793823242,
                    59.58333206176758
                ],
                [
                    57.91666793823242,
                    54.58333206176758,
                    55.41666793823242,
                    58.75,
                    55.83333206176758
                ],
                [
                    59.16666793823242,
                    57.5,
                    54.58333206176758,
                    60.0,
                    61.25
                ],
                [
                    58.33333206176758,
                    55.41666793823242,
                    56.66666793823242,
                    57.91666793823242,
                    62.91666793823242
                ],
                [
                    54.58333206176758,
                    55.83333206176758,
                    55.0,
                    55.41666793823242,
                    58.33333206176758
                ],
                [
                    54.58333206176758,
                    52.08333206176758,
                    49.58333206176758,
                    50.41666793823242,
                    49.58333206176758
                ],
                [
                    57.08333206176758,
                    57.91666793823242,
                    59.58333206176758,
                    57.08333206176758,
                    59.16666793823242
                ],
                [
                    66.25,
                    65.41666412353516,
                    61.25,
                    65.83333587646484,
                    64.16666412353516
                ],
                [
                    56.66666793823242,
                    54.58333206176758,
                    49.58333206176758,
                    52.08333206176758,
                    53.33333206176758
                ],
                [
                    59.16666793823242,
                    55.0,
                    55.83333206176758,
                    56.25,
                    57.08333206176758
                ],
                [
                    57.08333206176758,
                    57.5,
                    53.33333206176758,
                    58.75,
                    58.33333206176758
                ],
                [
                    58.75,
                    58.75,
                    59.16666793823242,
                    58.75,
                    61.25
                ],
                [
                    64.16666412353516,
                    62.91666793823242,
                    58.75,
                    62.08333206176758,
                    61.66666793823242
                ],
                [
                    62.08333206176758,
                    58.75,
                    55.0,
                    62.08333206176758,
                    60.0
                ],
                [
                    62.08333206176758,
                    65.41666412353516,
                    63.33333206176758,
                    65.0,
                    67.08333587646484
                ],
                [
                    57.91666793823242,
                    57.08333206176758,
                    56.66666793823242,
                    54.16666793823242,
                    56.25
                ],
                [
                    60.41666793823242,
                    60.41666793823242,
                    60.41666793823242,
                    60.83333206176758,
                    58.75
                ],
                [
                    60.41666793823242,
                    60.0,
                    58.75,
                    58.75,
                    58.75
                ],
                [
                    62.91666793823242,
                    63.33333206176758,
                    59.58333206176758,
                    60.41666793823242,
                    60.41666793823242
                ],
                [
                    59.16666793823242,
                    57.08333206176758,
                    55.41666793823242,
                    56.25,
                    56.25
                ],
                [
                    60.0,
                    57.91666793823242,
                    58.75,
                    55.83333206176758,
                    57.08333206176758
                ],
                [
                    53.75,
                    50.41666793823242,
                    53.75,
                    49.58333206176758,
                    56.25
                ],
                [
                    64.16666412353516,
                    64.58333587646484,
                    60.41666793823242,
                    57.91666793823242,
                    63.33333206176758
                ],
                [
                    55.41666793823242,
                    53.75,
                    52.91666793823242,
                    50.0,
                    53.75
                ],
                [
                    60.0,
                    57.08333206176758,
                    57.5,
                    52.08333206176758,
                    55.0
                ],
                [
                    52.91666793823242,
                    55.0,
                    53.33333206176758,
                    52.91666793823242,
                    51.25
                ],
                [
                    56.25,
                    52.91666793823242,
                    52.91666793823242,
                    57.08333206176758,
                    55.0
                ],
                [
                    62.08333206176758,
                    61.66666793823242,
                    62.91666793823242,
                    61.66666793823242,
                    57.5
                ],
                [
                    57.91666793823242,
                    57.91666793823242,
                    56.25,
                    60.83333206176758,
                    56.25
                ],
                [
                    54.58333206176758,
                    54.58333206176758,
                    48.75,
                    53.33333206176758,
                    47.5
                ],
                [
                    62.91666793823242,
                    65.41666412353516,
                    60.41666793823242,
                    59.16666793823242,
                    59.58333206176758
                ],
                [
                    53.33333206176758,
                    55.0,
                    56.66666793823242,
                    53.33333206176758,
                    51.66666793823242
                ],
                [
                    60.41666793823242,
                    61.25,
                    60.83333206176758,
                    58.75,
                    57.91666793823242
                ],
                [
                    60.83333206176758,
                    60.0,
                    60.41666793823242,
                    59.16666793823242,
                    58.33333206176758
                ],
                [
                    62.91666793823242,
                    62.5,
                    62.08333206176758,
                    62.08333206176758,
                    61.25
                ],
                [
                    60.83333206176758,
                    57.5,
                    62.91666793823242,
                    60.41666793823242,
                    61.25
                ],
                [
                    65.0,
                    60.0,
                    62.5,
                    64.58333587646484,
                    60.41666793823242
                ],
                [
                    66.66666412353516,
                    58.75,
                    63.33333206176758,
                    66.25,
                    61.66666793823242
                ],
                [
                    58.75,
                    52.5,
                    58.75,
                    59.58333206176758,
                    57.08333206176758
                ],
                [
                    60.41666793823242,
                    55.0,
                    59.16666793823242,
                    58.33333206176758,
                    52.5
                ]
            ],
            "T1": [
                [
                    20.0,
                    80.0,
                    75.0,
                    67.5,
                    72.5
                ],
                [
                    27.5,
                    85.0,
                    77.5,
                    77.5,
                    75.0
                ],
                [
                    27.5,
                    82.5,
                    75.0,
                    65.0,
                    65.0
                ],
                [
                    20.0,
                    80.0,
                    77.5,
                    80.0,
                    82.5
                ],
                [
                    22.5,
                    80.0,
                    85.0,
                    80.0,
                    82.5
                ],
                [
                    20.0,
                    80.0,
                    80.0,
                    75.0,
                    75.0
                ],
                [
                    12.5,
                    75.0,
                    80.0,
                    82.5,
                    75.0
                ],
                [
                    12.5,
                    92.5,
                    92.5,
                    92.5,
                    92.5
                ],
                [
                    10.0,
                    77.5,
                    72.5,
                    77.5,
                    72.5
                ],
                [
                    5.0,
                    87.5,
                    87.5,
                    87.5,
                    85.0
                ],
                [
                    17.5,
                    90.0,
                    90.0,
                    92.5,
                    87.5
                ],
                [
                    15.0,
                    90.0,
                    90.0,
                    85.0,
                    90.0
                ],
                [
                    25.0,
                    90.0,
                    90.0,
                    95.0,
                    85.0
                ],
                [
                    15.0,
                    87.5,
                    85.0,
                    82.5,
                    87.5
                ],
                [
                    12.5,
                    87.5,
                    87.5,
                    82.5,
                    85.0
                ],
                [
                    20.0,
                    92.5,
                    90.0,
                    90.0,
                    90.0
                ],
                [
                    30.0,
                    90.0,
                    87.5,
                    90.0,
                    82.5
                ],
                [
                    15.0,
                    85.0,
                    77.5,
                    80.0,
                    85.0
                ],
                [
                    35.0,
                    90.0,
                    92.5,
                    90.0,
                    90.0
                ],
                [
                    20.0,
                    82.5,
                    82.5,
                    82.5,
                    90.0
                ],
                [
                    17.5,
                    80.0,
                    75.0,
                    92.5,
                    95.0
                ],
                [
                    27.5,
                    70.0,
                    70.0,
                    67.5,
                    67.5
                ],
                [
                    17.5,
                    82.5,
                    80.0,
                    80.0,
                    80.0
                ],
                [
                    17.5,
                    67.5,
                    70.0,
                    67.5,
                    67.5
                ],
                [
                    25.0,
                    90.0,
                    87.5,
                    90.0,
                    90.0
                ],
                [
                    22.5,
                    77.5,
                    75.0,
                    75.0,
                    80.0
                ],
                [
                    22.5,
                    80.0,
                    77.5,
                    77.5,
                    82.5
                ],
                [
                    40.0,
                    90.0,
                    90.0,
                    90.0,
                    90.0
                ],
                [
                    32.5,
                    92.5,
                    92.5,
                    90.0,
                    90.0
                ],
                [
                    32.5,
                    85.0,
                    82.5,
                    82.5,
                    87.5
                ],
                [
                    20.0,
                    90.0,
                    87.5,
                    92.5,
                    90.0
                ],
                [
                    27.5,
                    85.0,
                    85.0,
                    87.5,
                    87.5
                ],
                [
                    20.0,
                    85.0,
                    77.5,
                    85.0,
                    77.5
                ],
                [
                    35.0,
                    85.0,
                    70.0,
                    67.5,
                    72.5
                ],
                [
                    22.5,
                    82.5,
                    82.5,
                    82.5,
                    82.5
                ],
                [
                    22.5,
                    82.5,
                    82.5,
                    77.5,
                    87.5
                ],
                [
                    15.0,
                    87.5,
                    90.0,
                    90.0,
                    87.5
                ],
                [
                    7.5,
                    75.0,
                    75.0,
                    77.5,
                    77.5
                ],
                [
                    12.5,
                    92.5,
                    90.0,
                    92.5,
                    87.5
                ],
                [
                    5.0,
                    87.5,
                    87.5,
                    82.5,
                    87.5
                ],
                [
                    22.5,
                    90.0,
                    87.5,
                    87.5,
                    82.5
                ],
                [
                    22.5,
                    90.0,
                    87.5,
                    87.5,
                    77.5
                ],
                [
                    7.5,
                    90.0,
                    90.0,
                    87.5,
                    87.5
                ],
                [
                    20.0,
                    85.0,
                    85.0,
                    87.5,
                    85.0
                ],
                [
                    22.5,
                    65.0,
                    62.5,
                    65.0,
                    65.0
                ],
                [
                    22.5,
                    87.5,
                    82.5,
                    87.5,
                    80.0
                ],
                [
                    27.5,
                    92.5,
                    90.0,
                    72.5,
                    70.0
                ],
                [
                    17.5,
                    92.5,
                    87.5,
                    87.5,
                    82.5
                ],
                [
                    17.5,
                    87.5,
                    87.5,
                    82.5,
                    70.0
                ],
                [
                    30.0,
                    85.0,
                    87.5,
                    87.5,
                    85.0
                ]
            ],
            "T2": [
                [
                    17.5,
                    17.5,
                    77.5,
                    65.0,
                    65.0
                ],
                [
                    32.5,
                    27.5,
                    85.0,
                    87.5,
                    80.0
                ],
                [
                    30.0,
                    32.5,
                    85.0,
                    75.0,
                    77.5
                ],
                [
                    20.0,
                    25.0,
                    85.0,
                    77.5,
                    82.5
                ],
                [
                    35.0,
                    27.5,
                    87.5,
                    72.5,
                    77.5
                ],
                [
                    20.0,
                    20.0,
                    77.5,
                    85.0,
                    85.0
                ],
                [
                    10.0,
                    10.0,
                    82.5,
                    82.5,
                    82.5
                ],
                [
                    20.0,
                    22.5,
                    80.0,
                    80.0,
                    82.5
                ],
                [
                    22.5,
                    20.0,
                    87.5,
                    80.0,
                    85.0
                ],
                [
                    7.5,
                    12.5,
                    85.0,
                    85.0,
                    85.0
                ],
                [
                    17.5,
                    17.5,
                    95.0,
                    90.0,
                    95.0
                ],
                [
                    22.5,
                    25.0,
                    77.5,
                    75.0,
                    82.5
                ],
                [
                    5.0,
                    5.0,
                    67.5,
                    60.0,
                    65.0
                ],
                [
                    17.5,
                    20.0,
                    82.5,
                    80.0,
                    85.0
                ],
                [
                    12.5,
                    10.0,
                    92.5,
                    87.5,
                    85.0
                ],
                [
                    20.0,
                    20.0,
                    75.0,
                    70.0,
                    67.5
                ],
                [
                    17.5,
                    17.5,
                    72.5,
                    72.5,
                    77.5
                ],
                [
                    10.0,
                    12.5,
                    70.0,
                    67.5,
                    60.0
                ],
                [
                    15.0,
                    17.5,
                    70.0,
                    60.0,
                    62.5
                ],
                [
                    22.5,
                    17.5,
                    85.0,
                    82.5,
                    85.0
                ],
                [
                    15.0,
                    15.0,
                    80.0,
                    77.5,
                    72.5
                ],
                [
                    7.5,
                    7.5,
                    87.5,
                    85.0,
                    82.5
                ],
                [
                    17.5,
                    12.5,
                    82.5,
                    80.0,
                    80.0
                ],
                [
                    22.5,
                    27.5,
                    70.0,
                    72.5,
                    70.0
                ],
                [
                    25.0,
                    27.5,
                    67.5,
                    70.0,
                    67.5
                ],
                [
                    22.5,
                    22.5,
                    85.0,
                    75.0,
                    80.0
                ],
                [
                    17.5,
                    15.0,
                    90.0,
                    90.0,
                    85.0
                ],
                [
                    15.0,
                    15.0,
                    70.0,
                    70.0,
                    65.0
                ],
                [
                    12.5,
                    12.5,
                    85.0,
                    77.5,
                    77.5
                ],
                [
                    17.5,
                    15.0,
                    75.0,
                    77.5,
                    75.0
                ],
                [
                    20.0,
                    20.0,
                    82.5,
                    67.5,
                    77.5
                ],
                [
                    25.0,
                    27.5,
                    95.0,
                    95.0,
                    92.5
                ],
                [
                    22.5,
                    25.0,
                    92.5,
                    87.5,
                    90.0
                ],
                [
                    20.0,
                    20.0,
                    85.0,
                    85.0,
                    87.5
                ],
                [
                    32.5,
                    30.0,
                    92.5,
                    90.0,
                    92.5
                ],
                [
                    22.5,
                    22.5,
                    90.0,
                    90.0,
                    87.5
                ],
                [
                    22.5,
                    20.0,
                    85.0,
                    87.5,
                    80.0
                ],
                [
                    22.5,
                    20.0,
                    90.0,
                    87.5,
                    80.0
                ],
                [
                    20.0,
                    20.0,
                    90.0,
                    85.0,
                    80.0
                ],
                [
                    12.5,
                    17.5,
                    92.5,
                    92.5,
                    92.5
                ],
                [
                    25.0,
                    25.0,
                    92.5,
                    95.0,
                    92.5
                ],
                [
                    17.5,
                    22.5,
                    82.5,
                    80.0,
                    82.5
                ],
                [
                    40.0,
                    40.0,
                    82.5,
                    80.0,
                    80.0
                ],
                [
                    22.5,
                    22.5,
                    82.5,
                    82.5,
                    80.0
                ],
                [
                    15.0,
                    15.0,
                    70.0,
                    72.5,
                    72.5
                ],
                [
                    20.0,
                    25.0,
                    85.0,
                    87.5,
                    80.0
                ],
                [
                    32.5,
                    32.5,
                    77.5,
                    77.5,
                    80.0
                ],
                [
                    30.0,
                    37.5,
                    90.0,
                    85.0,
                    75.0
                ],
                [
                    17.5,
                    17.5,
                    80.0,
                    80.0,
                    77.5
                ],
                [
                    40.0,
                    42.5,
                    82.5,
                    80.0,
                    85.0
                ]
            ],
            "T3": [
                [
                    20.0,
                    20.0,
                    22.5,
                    72.5,
                    72.5
                ],
                [
                    25.0,
                    20.0,
                    22.5,
                    72.5,
                    70.0
                ],
                [
                    17.5,
                    15.0,
                    17.5,
                    75.0,
                    72.5
                ],
                [
                    25.0,
                    27.5,
                    27.5,
                    75.0,
                    77.5
                ],
                [
                    37.5,
                    27.5,
                    35.0,
                    75.0,
                    75.0
                ],
                [
                    22.5,
                    15.0,
                    15.0,
                    80.0,
                    82.5
                ],
                [
                    32.5,
                    27.5,
                    30.0,
                    77.5,
                    75.0
                ],
                [
                    20.0,
                    22.5,
                    15.0,
                    92.5,
                    92.5
                ],
                [
                    22.5,
                    27.5,
                    22.5,
                    82.5,
                    85.0
                ],
                [
                    20.0,
                    20.0,
                    17.5,
                    70.0,
                    70.0
                ],
                [
                    12.5,
                    17.5,
                    15.0,
                    82.5,
                    60.0
                ],
                [
                    17.5,
                    15.0,
                    22.5,
                    80.0,
                    77.5
                ],
                [
                    17.5,
                    17.5,
                    17.5,
                    87.5,
                    72.5
                ],
                [
                    20.0,
                    20.0,
                    20.0,
                    77.5,
                    62.5
                ],
                [
                    12.5,
                    10.0,
                    17.5,
                    65.0,
                    47.5
                ],
                [
                    25.0,
                    25.0,
                    25.0,
                    92.5,
                    95.0
                ],
                [
                    15.0,
                    17.5,
                    15.0,
                    80.0,
                    77.5
                ],
                [
                    25.0,
                    25.0,
                    25.0,
                    87.5,
                    87.5
                ],
                [
                    27.5,
                    30.0,
                    32.5,
                    77.5,
                    72.5
                ],
                [
                    30.0,
                    25.0,
                    22.5,
                    87.5,
                    90.0
                ],
                [
                    17.5,
                    17.5,
                    20.0,
                    82.5,
                    80.0
                ],
                [
                    20.0,
                    10.0,
                    15.0,
                    90.0,
                    90.0
                ],
                [
                    15.0,
                    15.0,
                    17.5,
                    80.0,
                    77.5
                ],
                [
                    10.0,
                    10.0,
                    12.5,
                    77.5,
                    77.5
                ],
                [
                    20.0,
                    17.5,
                    22.5,
                    87.5,
                    85.0
                ],
                [
                    27.5,
                    30.0,
                    27.5,
                    90.0,
                    87.5
                ],
                [
                    15.0,
                    15.0,
                    22.5,
                    77.5,
                    77.5
                ],
                [
                    27.5,
                    25.0,
                    25.0,
                    90.0,
                    87.5
                ],
                [
                    35.0,
                    32.5,
                    35.0,
                    95.0,
                    82.5
                ],
                [
                    17.5,
                    10.0,
                    10.0,
                    87.5,
                    87.5
                ],
                [
                    12.5,
                    12.5,
                    12.5,
                    90.0,
                    80.0
                ],
                [
                    15.0,
                    15.0,
                    17.5,
                    92.5,
                    95.0
                ],
                [
                    5.0,
                    7.5,
                    7.5,
                    82.5,
                    82.5
                ],
                [
                    25.0,
                    20.0,
                    25.0,
                    82.5,
                    80.0
                ],
                [
                    10.0,
                    12.5,
                    7.5,
                    85.0,
                    82.5
                ],
                [
                    17.5,
                    15.0,
                    15.0,
                    87.5,
                    85.0
                ],
                [
                    12.5,
                    10.0,
                    12.5,
                    70.0,
                    82.5
                ],
                [
                    37.5,
                    32.5,
                    35.0,
                    92.5,
                    90.0
                ],
                [
                    12.5,
                    12.5,
                    12.5,
                    77.5,
                    77.5
                ],
                [
                    35.0,
                    35.0,
                    37.5,
                    95.0,
                    92.5
                ],
                [
                    20.0,
                    15.0,
                    20.0,
                    75.0,
                    72.5
                ],
                [
                    22.5,
                    20.0,
                    15.0,
                    90.0,
                    85.0
                ],
                [
                    17.5,
                    12.5,
                    17.5,
                    82.5,
                    85.0
                ],
                [
                    25.0,
                    22.5,
                    20.0,
                    87.5,
                    85.0
                ],
                [
                    20.0,
                    25.0,
                    20.0,
                    85.0,
                    85.0
                ],
                [
                    22.5,
                    22.5,
                    20.0,
                    70.0,
                    82.5
                ],
                [
                    17.5,
                    17.5,
                    15.0,
                    85.0,
                    80.0
                ],
                [
                    5.0,
                    10.0,
                    2.5,
                    85.0,
                    80.0
                ],
                [
                    12.5,
                    12.5,
                    15.0,
                    82.5,
                    85.0
                ],
                [
                    2.5,
                    7.5,
                    5.0,
                    70.0,
                    67.5
                ]
            ],
            "T4": [
                [
                    7.5,
                    7.5,
                    7.5,
                    5.0,
                    92.5
                ],
                [
                    5.0,
                    5.0,
                    5.0,
                    5.0,
                    65.0
                ],
                [
                    22.5,
                    20.0,
                    20.0,
                    25.0,
                    85.0
                ],
                [
                    0.0,
                    0.0,
                    2.5,
                    5.0,
                    72.5
                ],
                [
                    12.5,
                    17.5,
                    15.0,
                    17.5,
                    92.5
                ],
                [
                    15.0,
                    12.5,
                    15.0,
                    12.5,
                    82.5
                ],
                [
                    5.0,
                    2.5,
                    5.0,
                    2.5,
                    87.5
                ],
                [
                    10.0,
                    12.5,
                    17.5,
                    10.0,
                    72.5
                ],
                [
                    10.0,
                    7.5,
                    10.0,
                    7.5,
                    90.0
                ],
                [
                    7.5,
                    5.0,
                    12.5,
                    5.0,
                    77.5
                ],
                [
                    25.0,
                    22.5,
                    22.5,
                    22.5,
                    87.5
                ],
                [
                    25.0,
                    25.0,
                    25.0,
                    25.0,
                    77.5
                ],
                [
                    22.5,
                    25.0,
                    25.0,
                    30.0,
                    92.5
                ],
                [
                    27.5,
                    25.0,
                    20.0,
                    27.5,
                    80.0
                ],
                [
                    20.0,
                    17.5,
                    20.0,
                    17.5,
                    85.0
                ],
                [
                    12.5,
                    10.0,
                    10.0,
                    10.0,
                    80.0
                ],
                [
                    15.0,
                    15.0,
                    20.0,
                    17.5,
                    92.5
                ],
                [
                    12.5,
                    7.5,
                    12.5,
                    12.5,
                    77.5
                ],
                [
                    5.0,
                    5.0,
                    5.0,
                    5.0,
                    82.5
                ],
                [
                    10.0,
                    7.5,
                    5.0,
                    5.0,
                    82.5
                ],
                [
                    27.5,
                    25.0,
                    27.5,
                    27.5,
                    65.0
                ],
                [
                    22.5,
                    20.0,
                    22.5,
                    27.5,
                    62.5
                ],
                [
                    15.0,
                    10.0,
                    10.0,
                    17.5,
                    70.0
                ],
                [
                    20.0,
                    20.0,
                    10.0,
                    25.0,
                    75.0
                ],
                [
                    2.5,
                    2.5,
                    2.5,
                    2.5,
                    65.0
                ],
                [
                    22.5,
                    20.0,
                    22.5,
                    30.0,
                    85.0
                ],
                [
                    25.0,
                    22.5,
                    25.0,
                    22.5,
                    75.0
                ],
                [
                    17.5,
                    12.5,
                    15.0,
                    10.0,
                    85.0
                ],
                [
                    22.5,
                    20.0,
                    20.0,
                    25.0,
                    85.0
                ],
                [
                    15.0,
                    15.0,
                    15.0,
                    12.5,
                    80.0
                ],
                [
                    20.0,
                    12.5,
                    20.0,
                    22.5,
                    82.5
                ],
                [
                    10.0,
                    7.5,
                    12.5,
                    12.5,
                    77.5
                ],
                [
                    12.5,
                    15.0,
                    15.0,
                    10.0,
                    90.0
                ],
                [
                    25.0,
                    27.5,
                    30.0,
                    30.0,
                    80.0
                ],
                [
                    7.5,
                    7.5,
                    7.5,
                    5.0,
                    87.5
                ],
                [
                    17.5,
                    12.5,
                    15.0,
                    17.5,
                    80.0
                ],
                [
                    20.0,
                    17.5,
                    20.0,
                    20.0,
                    82.5
                ],
                [
                    32.5,
                    27.5,
                    30.0,
                    35.0,
                    87.5
                ],
                [
                    7.5,
                    10.0,
                    7.5,
                    10.0,
                    82.5
                ],
                [
                    20.0,
                    20.0,
                    20.0,
                    20.0,
                    72.5
                ],
                [
                    20.0,
                    22.5,
                    22.5,
                    22.5,
                    90.0
                ],
                [
                    17.5,
                    17.5,
                    15.0,
                    12.5,
                    92.5
                ],
                [
                    20.0,
                    17.5,
                    17.5,
                    20.0,
                    90.0
                ],
                [
                    17.5,
                    17.5,
                    12.5,
                    12.5,
                    97.5
                ],
                [
                    17.5,
                    17.5,
                    17.5,
                    20.0,
                    80.0
                ],
                [
                    10.0,
                    12.5,
                    5.0,
                    7.5,
                    85.0
                ],
                [
                    7.5,
                    7.5,
                    10.0,
                    12.5,
                    77.5
                ],
                [
                    25.0,
                    7.5,
                    20.0,
                    20.0,
                    77.5
                ],
                [
                    17.5,
                    15.0,
                    12.5,
                    15.0,
                    70.0
                ],
                [
                    10.0,
                    7.5,
                    10.0,
                    15.0,
                    67.5
                ]
            ]
        },
        "joint": [
            58.52857116699219,
            56.825,
            54.93888908386231,
            54.725
        ]
    }
}